13036
11678
24103
15582
20971
9728
19102
3900
21260
17276
241
16590
19503
19089
242
3182
22312
20305
895
7474
7109
20368
480
18405
6276
7101
3043
2103
10690
9010
4833
1824
16214
21960
24187
24371
14205
9469
7671
12897
14477
17775
1788
17549
23333
16193
3289
11694
5615
13873
11795
12683
6764
22409
20948
24521
8907
8454
22526
23652
19813
4798
4123
19353
14376
4820
14668
18206
5501
8961
11
21171
23066
12174
19293
4460
20213
6374
10708
6590
12088
18752
19247
10363
10889
18167
18808
6132
8873
12799
16242
12869
4014
4075
4515
15422
19641
17340
2384
16705
