16326
4592
18546
17408
17048
144
24788
24596
1833
23729
20312
2196
17100
8696
9909
348
10996
2720
20649
20183
1763
2071
9575
14177
3514
164
11992
10149
6891
9891
20496
15584
14195
19395
20859
14806
18235
14423
11863
4085
8279
24150
12210
18559
8730
9281
21724
24554
23534
18930
11280
20552
18528
10566
12653
23000
12834
12843
1010
10991
5964
14535
10036
20726
15471
7264
2684
1221
24510
4553
20231
23841
384
23968
10301
21405
4564
13622
24691
10088
19538
5112
19021
24810
23162
21569
19808
10387
220
14793
4838
17215
22798
5626
22277
23102
23422
22162
16707
10397
15280
1905
8070
21400
2473
22594
21347
6491
23979
14977
17032
8355
21832
7227
18231
8689
5824
11681
12838
20708
4672
9217
7829
7285
22984
18869
23702
2720
10042
10742
4336
13682
6715
19323
9267
7343
11321
9066
14774
17489
11005
19465
7044
16452
12129
21655
8267
18854
13732
22417
8119
8384
11884
15635
16886
23896
11238
12637
14068
20729
3170
7953
17087
9338
2544
24484
6878
17556
23792
1227
15934
2450
19267
6442
16682
17664
12764
9300
17380
15436
24969
15387
8353
8308
821
10163
23282
20501
18640
17700
8038
1890
17152
18026
23701
21061
997
3805
20564
7343
20881
19368
5418
2005
3399
1778
14035
24272
18205
16048
12916
9636
23581
8186
11551
9602
15133
9453
7784
1209
14373
2371
4755
15452
9568
7635
14786
24008
10513
20055
9570
18979
18069
3905
6549
3660
7629
23102
8963
10158
7870
16656
20760
23842
10600
12432
6253
22739
19218
24218
8088
9119
11119
23077
3647
22431
152
16949
12626
17052
21462
16168
16056
7050
20096
16359
11203
7366
6923
2678
3752
9598
23104
20505
23850
12258
5574
10726
1259
1981
156
13376
17425
21869
13313
12034
890
3270
23585
24460
19595
15175
14633
15497
6875
20832
22114
10943
3866
14965
23184
8878
2876
23637
21432
17331
14801
7346
13272
3596
2546
18113
676
15729
10779
21434
17289
24539
24583
8564
24653
2833
18694
6570
7707
10679
2693
19460
8655
23952
24911
5770
12944
8265
14390
24782
24752
18824
5190
5219
12601
3327
12869
22404
23546
16661
9436
8890
18934
20896
22874
4229
11315
21697
378
17772
1274
11422
19484
15272
278
16395
13657
3886
15729
18230
7603
7810
20194
22284
4869
4286
6064
18424
7681
14744
2211
3781
1305
18450
17551
2849
16893
11097
3576
5988
10863
17150
4436
3803
10985
929
13510
16739
3417
17313
10198
9295
22215
12049
23823
20085
4806
21934
11138
8092
14513
2777
13099
702
15110
24699
23335
21659
13979
6740
22510
13904
8501
9820
12032
5187
22542
18330
10085
23373
4008
13087
11240
19757
2265
22090
20756
3392
22072
147
19325
970
20334
11455
20683
3277
19725
12169
17137
19336
20592
909
9625
24589
23008
21021
20987
3640
8099
10559
11822
2450
14774
6283
15375
13925
10040
585
10549
15867
14214
4109
20695
973
15004
23890
20386
7805
11890
24604
24358
18985
14261
7655
21238
18780
2488
7016
1337
19583
9603
20848
22652
22655
9985
24694
12133
2329
11731
12228
24213
6690
10388
13194
9234
4102
1632
3440
15702
11890
24844
6143
21888
15654
20136
23796
18847
13632
5860
10345
23096
2734
6147
6714
14876
18827
12125
16995
2394
10881
3140
20528
24304
15473
17210
17489
23223
15752
7149
9920
8865
8869
2378
3896
18172
4451
7820
12046
21886
23940
8105
5969
11540
6171
7105
19745
22065
20185
10503
7485
14973
22988
2541
20133
3877
1218
12637
1225
14317
8728
4176
24132
22761
15254
18563
23656
9821
9555
1982
1628
9511
24337
19740
6196
22535
21036
11924
18256
12401
2507
13676
16171
7663
23789
11931
21808
20944
11618
17213
24554
12972
2941
22662
15768
12640
15383
14016
6319
24500
13753
8216
3481
884
20415
12952
21190
13745
24438
13722
2357
5592
13537
14257
6909
12741
8395
8514
17304
12432
9023
277
17712
22795
24774
15572
24
11262
5840
161
15707
24268
23161
14189
2795
7258
6415
3831
11669
3375
11501
550
24818
24279
12598
2346
2858
9802
2675
20342
17438
706
10772
246
1722
16081
15422
798
15029
5081
4516
10801
22056
1224
19271
18612
11483
19787
2424
7590
21302
12614
11039
11317
11245
3767
8976
6037
20166
1949
13714
5896
10881
9065
19319
3037
5242
4720
8022
11352
309
6736
23015
1971
22703
18761
974
12025
5676
19925
1797
6429
19378
23264
18785
10088
6230
16550
17874
6942
19723
10243
19536
324
21817
23601
21131
19674
6553
22406
7332
6788
23304
24256
24778
3202
16615
22542
16541
7575
2103
20330
1867
15264
1425
4456
19425
14893
21028
9241
17140
6349
22072
5893
24960
3498
1620
10267
15823
1153
3190
14147
22170
17397
10505
22810
13512
20766
23325
17759
13520
9960
5190
14268
7633
11414
12506
15574
8113
5894
7060
9092
12256
3232
19068
18623
20489
1793
19769
23419
4384
6982
8730
9069
6890
6212
23455
710
3700
24241
5898
13429
2813
8959
6275
8670
11050
7693
16604
13131
11256
16678
2502
3479
9004
12337
19343
2569
22795
4303
5442
1677
19604
7379
24194
10467
23013
21202
24429
13639
783
5251
21945
16577
13501
11678
11456
18782
5318
943
2691
5519
8970
11427
12864
10465
366
11511
19966
1136
2094
20653
8769
24068
15663
8858
23310
11475
23896
1802
23526
6239
682
7933
11459
17150
13885
1856
10108
22187
22045
1046
6770
8348
21582
17366
6104
18251
12469
13135
18569
13792
8460
22270
11984
1219
3550
11852
13560
15409
2873
21849
14229
20244
19106
1410
3246
13928
6414
16918
7282
22416
6853
2733
9445
13100
2388
19141
5676
5894
23983
9349
10031
4530
4273
7695
11000
5647
17960
23546
6751
15449
20301
6533
19240
203
1084
2198
23211
16765
21799
4263
23963
19059
2444
9180
23519
13664
10435
10517
21478
23084
24821
14130
18056
3278
5394
4168
10246
13723
13117
9770
24602
24531
10489
15844
2783
11420
24010
2883
20046
24729
17676
22243
19046
6501
23290
15886
3553
17710
615
16831
3611
20775
17015
19132
16116
18835
12917
3343
3312
13521
23582
15328
22661
12311
12004
23175
18199
18415
6053
8302
7178
9997
3732
21505
23002
21295
1265
17139
17792
5580
10652
8636
18548
13265
3648
21102
21668
24952
5408
14657
12801
6765
6339
13280
23002
22326
12256
12247
20960
3654
22096
15087
10557
14334
7758
10335
13814
17953
2321
557
9856
7319
4358
10580
14369
21809
9466
570
4928
20786
24491
24543
24436
12955
5739
1987
15288
10309
2866
7865
18266
4791
14173
21645
5002
12205
682
15289
16133
18814
6813
5125
11161
24876
15116
16957
14159
14704
2681
17235
16263
8608
15474
15458
21240
23944
10194
24589
17754
23334
3576
4706
21445
1350
24506
149
23140
21816
11234
16381
18595
2427
16992
16300
1842
17002
3613
13609
7638
21250
14124
10986
12744
4399
16968
6059
6600
21448
7374
8523
5161
6767
19128
18630
6703
23880
7683
23274
23393
24612
1238
21764
18467
21852
7062
1986
16696
21743
4102
9681
4815
23492
8766
21176
5976
2738
14839
5988
14099
9107
13316
2252
10674
23169
11993
11063
10466
23048
8971
19202
1070
22758
6691
24176
18228
4922
8198
597
9555
3985
1026
9526
12231
7696
15942
5778
15310
19581
7561
2557
18634
12970
14611
5549
14897
7854
12183
11253
8997
11699
12969
16517
16539
17927
24296
10505
1433
14656
20953
16122
10186
23667
24713
20754
22900
21616
4476
4535
7719
16578
10507
17885
2216
20198
6213
15579
6248
14621
10800
8219
9296
284
21376
1250
14382
17067
2167
18147
10369
4243
8732
7582
12372
2586
696
32
12975
13991
10852
12882
6024
3923
22068
20547
7861
1697
7382
22750
7683
3698
5247
5370
13199
8842
678
20057
14860
17557
3458
22755
2256
26
15298
15234
9185
18786
9001
6345
24133
807
13236
16408
9741
17187
2897
2899
8014
2461
9177
9480
1460
11078
22977
24107
4537
24949
22788
19138
15650
20649
20229
16848
15118
5641
809
19175
5936
639
1585
12295
6129
22585
12873
1515
15648
16566
5065
4643
15153
20484
17515
9736
13848
24265
14430
10088
8462
17739
23776
9317
1903
14058
11105
2124
20883
20736
11123
21745
4797
24704
9894
23386
16515
20837
20638
13740
22292
17040
15668
6413
22603
18106
12234
7326
1182
24114
13969
2224
1189
8197
20479
13292
16997
7773
21348
11243
15093
4590
14190
2327
1402
23591
22474
11437
5921
19352
18863
9044
10813
16177
24980
407
19197
1027
15531
19254
18227
2641
11178
14929
24458
13103
14485
3137
3029
5036
2036
22440
23850
23964
6141
6598
7248
23909
9682
18282
12634
11211
21952
24264
24338
20507
14435
20144
22946
8168
15044
18197
15555
1234
491
24276
7878
10755
6734
17315
10847
23860
15640
6715
4162
10847
4711
22516
9758
13229
4412
23991
5941
15546
13985
22589
784
12860
12634
1211
16159
24639
7904
20025
22420
4360
23319
2383
7556
18442
174
183
7980
22796
21863
6158
10923
7703
962
19056
10877
22997
6060
21693
3856
17818
7433
16939
16247
11017
8123
19220
18768
22343
12912
2286
22889
6165
10940
13553
20901
3230
6841
5635
17999
15642
11696
1262
18950
5149
2367
19005
502
9143
5279
11151
4755
13752
8374
7117
7951
16986
16586
11169
21187
8210
12087
15366
12044
24947
3778
14310
17279
10345
14324
13145
16347
22682
23511
7195
24269
22100
9955
3690
863
2285
10516
7800
10399
20431
10951
20410
7566
24892
22314
4600
11428
10486
2722
17158
15645
19574
3657
22763
10185
7882
23332
3548
879
17247
18083
14373
23824
3584
20609
9429
2866
9716
21387
13335
3341
7601
9224
3993
11825
7602
19689
18149
15385
24506
521
8891
18661
1871
19522
13192
8979
15599
8217
17188
21755
20408
13647
1829
8519
14234
7605
22057
20172
15969
8198
254
10638
4989
4144
16099
21436
19398
11038
7133
15391
10699
3201
23900
15413
20467
6784
12513
7693
8379
6385
1253
22579
16892
5157
6134
22051
12339
4322
18389
10206
17200
4023
15231
6551
14431
17112
18499
15651
22731
2094
394
9867
17490
5905
12151
12650
2256
12927
12897
7900
11
2613
15685
7595
2814
21297
21471
24392
7095
20578
11906
19302
23488
8510
13765
1708
1292
12758
13952
6638
593
279
10309
258
4051
16465
1751
8968
16976
22363
23854
21758
881
22685
9616
21765
1627
7947
21030
19615
7632
14019
4005
1122
1870
19939
570
871
11739
13904
12251
6982
7837
3897
5115
15852
20585
4534
15546
12179
3875
22486
12617
22460
9500
18374
23461
19510
579
15579
23942
9710
19760
16561
22199
3342
11363
4237
18335
22423
20498
12598
17649
13272
30
4081
16928
17512
4580
14543
11477
10976
10077
4738
2616
13559
4750
10256
14930
14630
6759
21660
17429
13487
6924
10537
21894
13281
17205
3914
20537
11125
7588
24025
7436
13515
21152
9409
12598
18270
2522
14032
23412
17554
24156
2765
11527
15167
15916
4030
20237
11185
11608
7087
4795
20079
1261
3249
16114
19409
5926
23140
5464
15347
14609
14561
10773
4727
379
20000
14975
16919
17782
3464
10824
7252
6060
21706
24424
3170
10031
6131
6312
24913
1523
19106
6210
2449
3706
2241
15346
16367
18767
15276
9392
10355
20867
21468
22351
7878
22320
6899
14043
11745
4465
4335
20182
4406
20849
21829
7172
15542
4565
5902
21060
11489
12313
15310
10700
21083
5175
2228
21234
1721
22871
20445
13681
11222
4410
22814
14569
15278
22965
21825
5273
16102
20692
12193
17434
9629
18358
21703
1316
11334
19436
20448
15089
6425
20749
7434
812
562
9171
23910
1826
6190
1386
20210
7003
12204
9891
15134
8558
19848
5331
13956
24132
22282
7012
7589
19406
3694
10140
16779
15413
14226
15720
24188
22769
285
22603
4683
14186
15614
15230
24337
15146
15466
17751
7057
18763
341
16465
23952
2622
1357
761
12839
6589
3521
4854
4441
1067
19072
4455
1404
18199
12893
8252
21129
3781
22732
2714
2410
9319
14375
14491
6501
23405
20954
14504
3653
12696
12806
828
18774
12673
4098
18768
6508
6768
5033
605
24411
17476
2207
19074
15241
24884
9464
5088
4806
18945
19485
1041
8343
7651
4260
8747
7031
15570
21871
23159
750
17311
5356
21476
23444
19382
21729
23294
15214
23236
20179
11157
21018
13528
23888
23070
18082
13203
12701
706
11091
7215
23711
13007
1350
24141
23589
12331
23869
17292
16980
2277
5563
20578
23552
10450
15608
13954
4463
3704
15807
646
3775
23630
13215
23710
6137
24921
8801
12525
13406
19534
22632
3773
9434
4741
23384
3756
15452
13333
409
1535
2209
14996
8433
17775
2731
4296
17416
15091
4769
20400
8315
1720
12844
9687
4548
1325
20641
12198
6743
2069
8710
13920
14750
11797
5324
3919
20705
6311
4146
18002
12732
2119
22215
17378
17575
22357
22695
5012
18878
518
7907
18785
14302
8562
17240
2450
14079
18741
15842
11408
15509
4077
15869
14831
11316
24248
2072
10245
10568
12403
2015
17824
2996
18248
16145
5664
2752
11232
6264
21582
3350
24043
15527
19889
20240
312
1443
11305
5138
20754
14290
5466
19918
4398
23663
22936
4369
10910
24318
20703
23213
17390
5685
14763
8543
6216
21377
17761
22644
21262
9262
16681
12539
20205
11181
21704
24516
21694
930
19303
15867
1642
367
21524
17819
23643
6383
11824
12777
10804
13345
1551
18363
7486
9022
12091
22783
3876
16012
20380
4256
2191
11274
14196
7471
13868
21068
12859
17884
17254
23002
13490
13435
6652
6802
12006
8762
13257
19447
11660
1296
20750
19229
6333
2183
6568
24755
19033
13742
22014
9750
22425
22551
10463
13337
21156
20328
462
12701
4129
22524
5565
7161
24813
21512
5226
13128
18649
6211
24083
20006
9636
23856
15355
590
24083
480
6857
283
9677
18602
9757
15607
24236
12383
23205
16863
10349
20926
15369
1346
1964
11989
6536
6040
12714
23790
1003
4508
15781
8862
14087
6659
18603
21964
10787
10791
11868
1869
7733
24560
18196
18928
95
22551
15618
18439
14879
16790
8399
4845
7947
22808
3805
4824
7652
19379
2594
4831
13699
5735
8769
21487
6085
12554
14290
18446
20690
10814
19336
7769
13417
8896
4613
20128
9226
15795
9406
3989
23779
3247
4419
614
2559
1410
13254
10148
8096
13288
24726
9843
636
15849
8361
12869
12531
16516
6891
22778
14231
18547
4595
4707
14565
20751
13266
3638
17291
17108
9369
3330
1907
1818
21193
13695
9396
9069
3561
10668
22938
4414
2798
13075
14644
14790
5102
4275
22191
13734
15693
18679
9158
22007
20263
2673
24944
1989
18889
20212
698
7383
11040
17410
11757
8221
4566
11206
3028
22868
19821
4127
11849
5627
19289
8522
10701
11546
10093
3810
24497
21817
11788
2929
14260
7671
1040
6416
23578
24069
8533
13103
10629
20739
6518
19455
12941
17724
18776
6129
24543
14814
6976
1140
14299
20797
3079
11204
21488
11421
13483
15129
787
18945
21017
24460
9342
4382
8920
24315
23057
691
1901
21300
19277
12978
10751
5351
18733
21185
23085
23794
8887
17437
15665
18885
3171
13897
17937
23711
15756
8297
13570
8737
22102
18569
20110
5051
20383
702
1914
21631
15224
22030
4564
3053
11763
24217
11197
2230
14399
1896
21840
17737
12038
990
18740
849
3664
16096
2033
3048
8468
9312
14644
21782
1896
8627
12655
1318
1235
16082
10009
24250
2111
14062
19716
1936
515
13112
23699
19609
18881
19400
11413
5391
9567
10342
1655
13982
10726
22247
2535
372
12358
3576
1491
20834
710
4404
14758
22697
4944
15225
283
22448
11994
16891
12394
23859
14887
17468
12388
19871
17230
19843
22345
5704
16283
11976
19164
18246
2417
8891
14093
24003
2600
10837
23325
8856
6432
6059
4818
17466
21183
16811
23244
6942
1027
9268
11106
9223
9372
466
14295
20973
12582
9556
4625
19808
7455
1709
2854
14282
9007
7250
17842
23673
19538
19606
24516
15467
3272
3576
541
8382
158
6332
21632
2529
2082
23877
16671
22647
14306
3138
9975
2357
22868
12100
22382
3680
15568
17888
13424
14919
126
19035
8914
7504
11575
6214
5822
3377
7980
23685
15597
20624
7410
756
14893
24075
3119
15544
4731
23101
6163
9097
19736
17511
6133
8060
12587
12149
241
22547
7542
2979
7511
10098
7883
20885
24205
3906
10195
13482
19039
7239
20948
10153
17053
1335
22360
4114
8010
17165
12237
6756
2469
1101
8087
2722
9589
3691
10189
11419
9645
11401
22480
23466
1106
14551
21150
1783
8535
12803
16491
15219
471
4089
13695
10398
20498
13073
20449
9783
19211
20769
15111
11990
5385
1086
4969
1872
16685
16453
21867
17306
24652
13856
13576
13070
9200
12078
7256
9502
6427
9378
19226
16651
14846
4505
4415
3021
24581
6191
8575
19700
21041
11445
21558
2139
23874
13132
22495
7996
8131
18487
13345
12591
4942
3317
364
16949
22250
17549
13336
2998
24509
16243
11265
15111
2086
11954
21922
13255
22441
11836
9536
11914
6791
22975
10481
8895
10689
12989
17410
12253
22891
8416
15967
16725
11890
7734
15247
10533
13716
24804
14964
13715
12156
24026
23077
749
22459
3253
2310
18072
12006
11817
12855
13330
6240
18926
14682
20115
12199
2989
1513
1681
7979
18693
18017
19015
10486
11565
16470
24297
19570
5012
209
24809
23204
2818
3161
132
4737
418
24536
5002
14395
11647
15889
14623
19237
18916
19304
6001
17196
497
7733
9734
4082
10266
7927
21064
24526
11260
970
13776
14513
5795
22779
13188
11344
9395
16675
20514
3387
19647
8334
16790
3784
18157
14776
388
17920
7628
10936
24205
18285
17980
303
10942
11752
9632
15325
24985
5154
21033
9838
8657
10730
19431
21903
577
4622
11857
6905
3001
12790
10131
20096
13442
6715
12106
9654
24855
21256
19474
8517
22818
9355
19661
16024
8028
21163
9776
20706
12839
5796
21682
20350
8558
17256
7562
3229
16789
16283
14695
1354
21773
15959
4225
4871
13737
5063
19741
1018
1430
12667
23247
341
7534
1617
15623
6552
5716
18730
11451
6865
10617
5468
17478
898
19455
19804
18936
8127
17034
17413
288
11186
13744
12661
4440
13541
9941
12804
19052
23416
19013
6157
14711
6585
16441
11932
8019
17825
9286
16975
8556
23419
23358
13580
16860
9243
15048
18004
6139
24552
20065
7455
14174
6365
557
17799
24107
3884
7966
4532
17757
11920
24122
5923
14055
7474
23423
22516
3974
21547
12969
13965
18256
1608
7964
24597
4457
13055
17833
4404
17732
4287
15578
19262
16524
13176
9728
23173
5128
13316
6461
11852
21899
766
7792
12430
16717
7380
21973
3911
3618
23709
14985
22579
9472
11997
17163
15315
10314
21729
14858
16612
22187
16749
3847
7984
15224
23512
21646
11826
2438
17825
643
20283
7099
4264
11191
21019
3701
9182
13345
22173
3067
16227
7012
14025
11533
24049
279
1366
11099
5080
3139
13088
14897
17528
15430
21426
12413
4730
19166
2497
16463
8314
24707
23630
9979
21280
22942
3008
8888
18676
24747
6178
15643
6107
5304
4727
16478
3151
4427
22676
19039
16307
14304
11547
7404
20855
10282
7804
8620
808
8652
18392
17623
21701
23658
4338
5893
11435
1055
14946
12822
13853
3565
18889
2304
17903
10651
4680
19217
24635
6240
22562
12574
22585
13328
21864
22705
19879
8897
21509
13489
13328
24388
17932
1303
15073
22093
637
8375
23959
2429
8353
259
19200
11530
7854
23416
5292
12762
7631
16028
5432
1338
19695
3809
20839
23490
5945
17044
24360
17579
17888
12336
15994
11673
20784
2823
12296
2755
3975
18653
7054
22743
19989
24750
1408
11687
10282
18651
1246
6913
14444
22388
19943
8476
12626
17175
14912
4216
2102
15847
11808
7701
24995
4048
6130
11904
7651
19252
2885
5706
7863
414
3182
5841
4336
24000
23383
10236
8025
16737
4497
5706
13283
9698
14263
7750
20648
12411
6489
23345
4289
24703
4000
16748
11985
11647
13860
1422
20689
22211
15170
13968
13097
2948
21296
12283
8021
22406
10284
24329
17199
23589
5993
14533
6386
10205
22736
16979
8326
11940
21767
5462
12774
13088
19252
14893
11882
6165
15155
14613
1172
22499
12531
7146
19294
23400
22867
23452
21258
17912
14971
10966
3950
7883
10474
20951
19406
6651
1586
22856
20818
11576
18228
15416
14253
518
7053
869
14842
14460
10927
6671
11559
289
22267
13748
1896
3909
12693
15696
307
4308
6488
1986
23179
3214
6553
13055
12994
6675
19665
12318
20823
20400
2878
23240
13166
13164
1820
4192
16167
17180
23235
14472
2383
8113
7625
10214
18642
3027
4330
7449
642
19568
4125
17982
6013
2059
9117
21952
20090
5429
4458
7727
2074
19952
9436
19973
24647
20466
10327
15447
11373
21157
13806
16669
22258
1225
7753
10210
22953
596
21351
24730
20558
6080
22023
6315
17333
15398
5507
9677
12599
774
11509
22147
22592
23539
20105
2316
16209
18634
10245
9333
2063
8685
13097
8826
185
12209
11244
13410
14629
4775
2075
4187
877
21360
15369
21517
10826
21157
22731
10859
14476
24110
7018
1709
19271
9265
24419
17024
3873
10394
5051
14718
6204
7136
6887
7858
18796
7274
15990
18481
23418
2948
8082
13433
15005
19533
15333
11388
21846
8310
23457
2695
12642
16046
16137
21679
6228
7952
24826
15783
5042
20858
5753
1224
9197
16174
14098
18964
8753
4259
17600
243
16837
17214
9825
5549
1925
19621
12747
21616
7000
2265
3568
21389
5404
21196
13244
18657
16039
2842
15903
4735
8629
24296
18689
19151
10433
6259
10805
23704
24762
6475
18530
15103
22769
11655
996
23537
19699
3085
1112
7872
21094
17938
10691
4495
4901
4856
22674
22717
5990
19123
5113
17181
10929
15809
454
5194
16864
13141
2833
9378
17094
11259
3544
2732
21892
17229
16523
24630
5402
8762
13766
4450
21540
4342
23901
4331
12996
24071
19111
4988
20323
2323
1412
19121
20365
12063
16294
21410
3986
12347
17010
8161
24862
4572
14482
617
15599
941
1634
8261
5858
1454
6863
21159
12444
5009
7333
9597
19444
17954
8018
19070
18631
21674
693
12648
3620
22191
9667
18759
15145
21819
22174
1594
5055
21110
15016
9865
4814
20333
9430
9875
3380
13903
16989
1004
23437
2852
13176
24310
15560
18765
4444
2262
19938
9104
16451
5057
7779
17453
14774
10401
19182
19018
14150
19467
24900
14410
9685
5691
3813
8487
13508
756
1002
23661
3239
22139
5490
23692
13975
11070
20004
7444
24191
16023
4951
181
2673
14878
22404
10501
23540
1857
19927
13902
17058
4578
19121
18707
8442
21374
4438
10592
6157
20671
23067
13946
2330
17108
19042
5714
6927
12431
16437
2018
15658
4459
13135
21192
7679
24285
11882
3262
23487
19104
20504
16209
15275
11143
358
8771
1361
7949
2260
20585
20823
9913
4561
24715
5623
12827
16603
24061
2942
2980
23002
775
3379
24131
23034
12259
8860
1109
5253
21585
16901
6706
20021
18514
7324
4423
2254
17394
547
1385
5445
329
4890
4911
4574
13346
19396
22259
13013
18457
3985
11809
6189
392
17863
20398
12917
24054
19767
17921
21978
20071
3068
11290
12489
1674
17908
20484
3777
20477
11428
23092
16789
24067
24053
198
24751
9621
14389
2751
1761
20617
18940
19948
8729
20580
16170
11551
21688
9949
6685
9385
6186
12375
16808
5902
12737
1938
16066
2904
19999
4699
5759
2954
23929
3368
23681
23822
11132
2850
3215
5052
19097
12621
3452
20944
1011
10839
20896
1109
11938
13382
24887
9397
24317
6647
14622
11483
10559
17926
18909
15323
6368
20529
13620
4574
18183
13177
844
16911
12248
5801
4844
17201
3838
7253
7681
5678
19064
12176
24382
15772
16951
17521
17471
375
3045
9085
22694
6961
11617
18747
18942
2651
21407
3238
17819
18659
8754
16472
2922
9861
6789
21387
16986
18887
4818
10051
6201
22486
23348
13024
1677
10023
74
3609
19201
23536
8624
17167
21842
18152
10215
958
872
7284
16203
2159
18413
2441
21920
4739
16320
22577
10746
8432
17
18689
18640
1027
7692
16585
17515
23154
4149
15656
14749
3606
12193
24617
9270
5725
17215
10755
4658
14349
24706
20287
1554
3533
3887
8055
20435
5481
10544
19510
8269
9770
17438
4024
21436
17929
21206
6726
16925
3183
2495
12815
2673
12695
13942
24373
1248
24861
9721
10916
6813
8000
6842
11055
6196
20920
14940
24166
19865
12053
10843
12249
24117
2759
24330
24966
1171
7512
4446
21151
14333
16913
20480
7185
5522
15166
2119
15948
867
1424
8512
24034
3043
9127
19245
5438
12871
7415
9076
15563
10677
7566
22744
23229
4584
22285
9592
3451
3649
14930
20435
13167
12214
16352
19369
13043
15893
16701
14702
14597
5450
14377
24634
8911
8934
14226
13432
14916
10129
10664
2103
12371
4259
2914
15218
1666
14656
6916
1600
17655
5883
23763
7806
13452
14518
17086
10289
6056
22866
5378
22930
23550
13987
11204
15463
8948
20974
24436
223
10559
12683
798
8810
9819
22498
7377
16170
16618
4031
8878
23585
8442
21493
5019
8126
18689
22610
19848
8390
16298
12137
20955
5946
5900
23080
15188
12866
1476
23260
15516
24953
11496
8162
545
24165
7419
11050
9506
2632
3293
13871
10354
17725
17911
16534
24687
14349
11493
7751
1280
10433
19814
24286
12585
11421
691
14173
17761
16933
4624
11226
13861
13477
16230
4506
17502
4473
5706
8775
20349
8576
10173
3184
1162
15282
12170
2303
21282
2520
12860
22338
5760
21763
987
8915
805
13581
12095
21257
6257
21858
16205
10483
19799
19757
23743
13380
999
10294
18705
14467
8197
13205
2011
20686
11380
14661
14728
5708
16479
16318
8113
19901
8478
21887
15940
6275
3479
307
10271
5802
23754
18523
4056
9680
4138
23718
5442
10556
17579
14599
16498
16657
6384
9659
13562
22137
4443
19526
16723
8280
19836
14695
14360
21804
5650
4602
7699
11057
9182
3914
379
19644
16705
6710
17487
7505
3695
772
23725
22378
23141
14878
5185
10123
12433
24739
1219
2435
12547
18654
11719
20153
23125
2066
10227
5104
12154
6629
22626
21577
21454
5043
7480
16699
11438
23732
20490
10853
6511
7401
8848
21352
23957
2697
14093
9115
5745
11647
10782
13723
16725
2245
3286
13537
15158
20092
94
19253
8919
19467
3143
15114
13214
6505
1760
9964
161
20524
604
23882
1203
18299
24323
19571
2786
2833
21776
11303
23197
24851
17307
23659
22283
13676
7253
18082
19902
6308
10993
2934
5718
18590
6506
7980
20278
22295
3159
20432
17152
16086
12822
22844
24199
15280
3799
13464
22565
9421
13145
21654
21177
2045
13696
13492
20157
12309
21381
2388
24122
23364
19111
5607
8366
17965
5663
4839
10089
15882
18478
21844
21623
8341
2816
7574
15914
17596
22076
24865
5490
12018
21127
3003
1963
1606
11126
24864
15476
23681
10418
6559
19811
13380
19462
15046
6534
291
16010
22887
17277
12807
562
6076
8188
19499
1748
23439
3131
19279
2861
4448
849
20030
24306
1044
23980
18859
14943
11571
14313
6844
20152
16369
19444
4716
319
7086
7501
20460
10341
10035
10947
13430
8768
10279
12379
1122
9113
19732
10913
4907
1889
20203
15986
10303
16515
15669
8502
6260
20310
4530
7953
661
23852
6016
20160
12030
6777
1008
4018
5525
19372
1044
4237
11106
3959
4944
7100
24794
14972
19197
4046
13440
7309
21835
3558
5945
7124
19400
4096
4535
7715
5715
8957
18064
21302
14384
6796
12449
3141
21557
16998
24733
19108
6253
3934
17128
13167
16089
5569
18358
13420
692
24461
9323
11712
6748
7612
1860
11703
7435
17376
3628
8513
1152
20499
4911
24615
7036
172
13476
14981
17083
14177
4671
21406
7450
17440
8398
9867
18169
18882
17294
1517
4286
395
4750
15565
1171
517
11033
13099
1684
19759
20640
11660
2540
6305
24533
5800
15190
3318
16617
11382
19515
17145
8943
19110
18946
21762
4091
17583
3657
9191
18594
21781
9436
20007
17517
3333
523
18894
13301
7156
5002
21600
7383
15428
19846
16168
17947
13352
13032
24297
822
2168
14634
11770
4043
7319
7780
1202
5029
3591
9353
24353
21097
5499
11526
8434
10200
22636
7176
638
4168
5037
14439
6205
17314
18938
7732
23579
1663
6214
5835
18348
4591
535
24165
13118
23654
13588
2363
17118
5732
738
21043
9337
18704
13946
22268
22419
24781
19891
20945
1797
20426
19413
1996
9464
3609
11530
16589
24375
12100
14898
21898
15440
12210
167
22114
21306
18923
22697
23279
2893
23365
726
23137
16784
9405
13662
10592
12731
2557
24423
24008
2685
3628
23213
22047
22843
14879
11647
10630
23764
10573
19546
12116
6292
16561
17253
10138
8670
14731
18239
3982
8103
3211
18864
11786
5123
17608
19702
24840
11640
10480
15725
24107
8099
15873
23275
7799
1908
20352
17959
4380
21215
14848
11451
19263
19038
974
22432
4494
14614
6759
8460
11910
11852
9975
24025
24340
3319
9245
10438
9596
9824
5167
19473
16508
24686
9250
9107
3559
10495
16236
8477
16064
7194
17411
13519
22102
20099
9753
13890
6901
3014
15682
17059
1597
19342
15024
5879
11569
21283
13906
14216
24121
21926
6302
5314
17922
4979
22973
22071
7945
17620
9454
20266
23851
24344
979
5588
23797
24747
6284
8258
2919
22178
20464
18915
12996
14493
955
14296
22486
5187
3969
9786
23990
8227
2706
7410
18690
5092
17883
6187
8891
11148
10729
12126
11428
9247
18511
2773
19365
20561
3978
18362
10079
12426
11294
1810
15173
9833
2225
10909
24626
8618
8575
2948
10812
18317
14992
1673
9055
14246
18186
19987
15906
13598
18606
9444
1286
23990
6811
11322
15192
14387
24823
1986
13668
2926
17854
12455
9614
20104
486
18901
4714
5677
8239
16774
7256
14444
15453
24979
12750
8625
5001
10123
22630
21580
14634
9788
24694
20910
22106
23769
18160
12441
13528
7984
16630
2939
13304
24182
4031
129
12682
12452
16750
13601
12990
20292
20684
14983
7933
2595
3198
22433
7504
12831
15060
20826
1763
2221
1854
21351
2889
16872
11979
21962
22913
21113
23098
9729
7117
7080
17505
21381
19510
1538
7834
12071
15677
42
21668
5505
21219
9227
6150
7268
10629
3527
17879
1267
5214
4111
8691
7033
7902
19686
16059
20331
19028
22848
5954
4286
541
5871
24224
17028
13828
15518
6265
16328
10717
17034
17061
13462
5020
11584
1290
16927
14565
7637
11216
21284
4295
530
7384
5456
12410
24614
18986
518
3533
23373
7457
12739
18774
17946
17519
6418
18318
2125
12776
4933
6768
2623
19104
12265
7822
22197
5197
16270
6731
24023
3526
5503
4150
11609
20931
24837
12566
2964
5268
19589
24961
13185
22249
17897
9652
12879
1812
6334
18309
10043
19686
8015
8320
23447
12284
6153
12344
1028
1274
17191
6346
16751
4931
3372
2171
14454
20333
21583
22010
16903
15448
10442
19927
14862
1778
3153
261
1712
11078
8958
20663
21078
10103
6203
11343
3286
19878
7452
851
4541
20059
16998
16068
1833
4285
19060
22081
12624
914
18121
18904
8848
20305
24092
8308
10019
16581
3880
23425
13930
4645
13973
13135
11232
12092
19695
16566
4761
14148
18652
24298
23086
2286
21821
12143
11023
5750
19764
14121
4844
5872
22168
13511
12636
1287
24144
20734
14388
6115
19335
8678
4039
24307
4565
24515
21276
7807
19039
21703
17954
13036
14816
5108
13370
18961
20184
1380
4978
17881
23184
8744
6041
23750
1682
5226
20611
9306
15617
14171
16051
7075
5256
23704
7779
1376
17485
3728
11638
9998
5031
17513
18210
18630
11732
6541
15579
11546
8539
24357
11110
24368
5441
17185
20687
11223
8357
13140
21634
1597
23270
15394
13793
11042
10538
8876
11059
22036
19898
13087
7217
24256
20733
23420
8497
17310
2296
22789
16138
16378
8533
3996
16639
6235
4865
15787
24099
938
715
12896
5580
3745
22700
4631
18286
8401
11010
16021
13144
6385
5389
18831
21026
414
20882
20844
1497
18985
306
8374
5553
18820
9172
15919
24485
15802
14079
20063
12579
13749
5829
6180
2466
5449
12418
21351
417
3225
12330
9943
19994
4692
17952
306
9132
2706
977
13932
19492
6514
11103
11949
18596
18023
19797
13568
23957
19668
436
18657
7382
21053
6509
5627
15551
22864
23804
16240
13997
22722
11859
15548
24968
1560
4386
9971
9081
15954
6588
13720
395
19554
1710
4352
6897
13196
18769
4149
308
982
16615
272
18645
14114
10793
18040
14613
13371
18018
5308
24365
8291
12763
2454
9693
377
5079
8822
10734
21644
23712
14825
6494
11381
8104
11367
17617
6664
21362
16092
15459
19578
20846
22563
22919
10051
12700
937
22125
13449
4032
18303
5350
18835
24676
12938
18514
18062
4720
20629
24688
7994
3013
17820
14861
8151
20327
18663
15531
15838
9972
8704
24471
24593
10638
8437
20494
15453
21510
11468
17493
8634
7709
23461
6807
11626
18772
17454
22038
24698
118
15368
12508
2769
14321
4944
13096
17837
6129
1104
15690
1161
9210
17190
14767
9537
10937
5344
5879
10727
21716
17677
2934
23922
13121
5209
14230
19141
11074
5309
12623
6828
24255
2835
4924
20729
8230
19954
23426
8027
15221
6720
8294
4330
2174
13468
17506
8146
18550
19948
16229
8544
5257
5443
17453
4586
4687
16025
19171
21235
9054
8552
11027
15232
19923
7058
5912
16175
14595
7501
21405
11011
14323
8620
1079
1096
12087
13074
9181
18922
13111
16902
15191
17427
12441
13158
3794
18295
13483
4873
12250
15857
14621
14408
7908
10376
8017
12801
22960
330
15036
8639
157
20309
21085
22418
12056
2033
15592
566
1922
11931
7509
22913
12348
5081
21743
4208
9631
15469
14722
15241
17822
17427
7603
20802
11542
8281
3803
11811
17121
22234
5056
11477
21065
13717
5863
670
4681
11693
8359
10504
18961
5779
6965
7613
9047
11641
18449
5789
18536
17067
4003
1205
12113
12118
11902
11197
15474
18804
23229
6609
18816
4606
12112
20737
7792
19437
10744
13603
15912
3091
1979
14153
23293
14497
21760
20994
19165
17653
21990
9
21686
24618
16857
21676
21563
10928
2010
10379
13174
19238
5497
158
10832
757
18541
3692
433
2794
10501
15712
20902
21572
14379
24692
21505
24343
16105
2847
8710
18150
19061
5888
4685
24630
18840
14150
8488
7282
20854
18060
24712
10726
8792
10797
13814
2117
18672
3788
11559
15363
118
7979
19695
6557
7806
22316
20466
12831
15872
2925
12364
14464
10347
12352
657
5111
7047
7043
506
8121
5103
7650
21941
8050
771
9098
13589
14745
5137
19054
18156
17022
5609
6984
12244
19525
16591
14714
12835
9369
9501
16167
21145
22372
15990
18137
1564
7315
9973
15945
13483
9115
4042
5744
16278
21095
21304
17991
22525
14336
15459
23445
21919
3795
19172
15699
7001
8040
11440
18382
24784
17551
13551
14906
7806
3536
3283
22526
9129
19051
12054
7813
927
21838
18043
12694
679
419
24340
16604
15672
17915
13690
15112
20518
3959
19519
22032
14451
5552
16431
705
2696
19257
19338
15121
23984
8755
23738
14874
20453
351
14910
10168
9796
23736
9248
9185
24490
3497
15233
11143
18473
7128
17788
7892
12460
16468
17246
7125
991
20296
4573
2480
20479
970
12122
2545
22961
7411
14263
1527
10352
12806
20788
7520
3221
4827
2095
15808
4480
6497
2139
20910
21364
326
15759
10799
5391
9821
6207
24258
18597
678
24229
5446
9421
14837
23752
803
23386
1527
18144
9193
19803
4629
18487
6280
19525
23070
6879
18294
6544
8759
2634
10580
22523
6799
8543
3953
22476
10730
6631
4280
16651
7437
17117
15720
5537
16319
10313
10359
15965
16729
11965
24387
12681
2412
20017
3946
23674
24124
11365
19353
22156
19629
16274
23869
11034
4277
3397
22689
20090
5738
1788
10328
24746
13352
11799
19344
8420
20121
10699
20379
9337
5218
6284
596
18946
12379
2786
7345
9092
12207
14434
22807
21630
6001
11910
4404
17789
1178
6190
14085
11036
22327
6608
9130
1472
6036
23785
21589
8037
24591
4644
20100
7052
162
22699
4394
3817
24404
24285
5105
10376
14036
24463
4952
24935
7099
8492
20456
3545
16832
5020
2249
5289
21941
11701
6106
4606
18678
6843
1576
16332
18408
7600
9124
20808
12855
22192
6459
8304
15811
15664
3534
3162
13190
24068
5405
20535
23579
16323
10576
11054
8874
761
7333
16610
12294
15339
24053
10992
19207
19157
636
23930
15352
19557
9399
5707
7988
18019
9761
17980
11649
720
24484
4321
17061
13722
21655
17763
147
18863
7972
19866
6239
1806
21487
10206
21831
12605
20806
748
14017
9440
5046
3315
17393
12596
3100
24211
16261
4211
6320
15998
16834
4154
22911
7508
17712
16677
17370
23924
8741
4808
4114
10901
1283
18186
12797
17621
12863
14678
10668
10800
20089
21721
7809
4694
5014
10374
17753
12877
22994
21060
18721
21889
2631
12241
2209
1634
12176
16252
24171
18402
3987
22313
14540
13674
18612
8310
23860
21890
18051
9564
3076
14430
9443
11890
13445
9500
16164
10829
12444
22344
10680
21046
8064
276
10183
13140
714
15420
11242
21378
16071
1068
10596
23960
914
20335
16962
10104
23342
15674
10924
5388
455
10546
11051
8280
2623
7529
18125
5445
22593
4790
3631
18359
23749
7918
9790
6805
19537
23558
19299
13927
12669
10416
9236
11328
136
19732
18923
1759
19957
2804
21280
16685
4511
23433
16469
11321
16658
20921
16945
518
11205
333
23808
10819
1610
8426
323
23689
19650
2421
13584
16669
4910
3407
16210
2665
6494
19358
8534
32
4741
19600
17959
321
9984
10148
3382
10413
6782
10701
4920
16223
16750
18587
20381
1688
8513
24033
6182
16082
10002
18033
14840
18400
13677
20499
23442
9247
20
20332
11943
11927
10125
19355
6850
16679
4744
8892
4941
16322
7466
15545
7038
19522
11118
6428
4544
7141
3966
3205
23462
18004
11306
10744
20761
18215
46
23846
22569
23402
5819
6310
9309
9097
11345
17481
9142
23747
3111
23892
8480
13727
22172
2209
18002
18616
955
4595
23128
16770
355
18185
11367
24463
21001
3583
10605
16854
12073
13324
18450
19009
16676
18502
5775
20601
17435
21795
20593
10405
17822
22124
5293
9388
7379
4740
14645
15275
2766
6944
13395
7444
20251
7065
9948
23554
23784
5264
3236
16861
15652
12983
4263
18836
2582
14077
13302
15152
21
18033
4253
17672
3897
19735
16304
22346
2812
13409
4627
4167
12489
12792
18291
12730
929
3124
1017
5228
18441
3273
3159
16676
9813
6070
15786
8473
4539
16038
6983
3859
6765
13311
11296
9837
5065
2238
4963
3064
24342
18334
21272
887
11797
21820
4115
20260
23517
14854
5889
24439
7998
7961
3889
10177
24877
10438
48
18415
6024
11903
4483
15128
16275
22007
18833
3155
17925
1602
12441
12237
7028
22502
4993
16535
13375
416
11261
7959
16383
8818
18058
5463
5523
2099
15446
4262
19960
23431
6068
9480
6692
9748
12225
8542
17159
5331
2358
22226
6827
4767
5249
21771
6038
7395
719
4458
10932
11673
2241
14596
5155
5013
20615
11076
10141
12934
4966
13050
10811
18694
21379
18569
17757
8148
24482
21439
3634
23198
3563
22746
8665
17622
6574
65
17102
17468
12127
18824
19859
9756
13040
20772
20822
2336
11350
21767
12174
3676
16410
2503
11234
3439
14406
9731
16361
1430
5551
18343
10435
14406
2851
2521
9351
19958
13006
14237
22894
16369
10288
22985
6433
19977
12213
353
18457
7996
4338
13100
17137
21659
24494
4806
10613
16008
10583
7170
22427
20385
11069
1063
15668
10592
24996
11443
23416
15771
11067
20485
22531
3682
17865
9945
4683
9985
661
1458
11262
14275
564
20732
6524
22942
17029
6867
16867
23571
23184
3222
18065
4253
6173
1503
5100
20397
22192
3152
12972
15619
6613
13361
14467
7007
1863
14164
10539
11562
2925
14164
3501
2489
13505
3688
5260
5759
21368
19405
11396
18839
23219
17224
22786
11617
5058
4961
5733
4713
1831
14795
18510
16175
14739
13828
16503
5586
8788
9649
8839
8013
3478
18679
11283
22328
15216
14816
11217
20081
12163
24866
10921
2010
19249
971
9315
17243
17531
24978
692
22948
23907
1393
4731
10042
10762
21657
4859
22322
8675
23788
2495
20070
441
21268
5776
14995
6307
14672
21549
12831
4470
22043
21497
23758
22814
1470
3758
13905
1849
8980
13323
13666
5343
21103
10768
12034
24588
13551
5128
13556
16795
20013
24884
6196
9195
3867
13670
3845
10198
4244
13100
3023
3640
11286
13559
15451
22735
15359
5244
1492
927
14063
2134
11818
2614
17036
19698
15855
15282
5279
9743
2903
4809
2409
6326
10565
15890
8468
718
24231
19929
13805
6560
727
24337
10614
14315
8236
7348
13639
1356
10771
7006
12305
6899
3211
15292
19543
2756
13816
15884
494
4884
2470
22476
12548
7762
8497
11776
16578
14806
9494
15884
6632
10186
7060
6224
12824
5906
9970
8819
11566
19626
24498
5966
19741
23635
485
14936
12645
5886
16009
15577
11095
17615
21576
19340
15611
7144
6382
1839
19683
6169
18025
14837
24962
16921
8429
8670
11315
22219
23420
21780
3020
22983
24827
4280
15034
19851
3078
2363
6512
8257
5792
4943
14121
405
1461
18039
19832
171
17133
1087
12135
14602
17004
15195
21041
13139
7656
6175
4878
15602
7836
24009
12577
15709
2809
19168
5106
7147
24239
18035
7463
4388
5134
23620
15029
18084
5885
5359
9483
7308
23035
24061
18545
13848
15983
12502
17438
9359
15229
2313
16261
6089
24335
7166
17956
5168
24907
422
8276
3930
9451
5256
9170
2209
6772
14620
21596
8455
20199
14449
24445
14790
6879
11366
12394
23066
15010
4292
2254
20383
21363
24488
24353
24627
22644
15520
9734
12317
5717
9106
18878
11804
6846
12620
914
3847
11297
13132
6338
399
17761
1412
14985
14602
10631
16535
1467
994
11148
3487
4745
10285
15949
17331
18601
7090
10036
23917
4749
14175
1096
9167
17717
8570
1050
21307
10953
4818
2262
9098
16088
19018
23256
7927
6214
6891
21234
12458
4867
3194
2738
23829
17963
9139
18481
18052
6157
8742
15881
23933
5366
4120
18965
18126
24162
20934
11375
17909
9322
11237
15351
21684
1713
10530
3979
17805
3678
15060
20760
16044
15989
5075
15036
20017
2342
3692
21612
1126
18313
18800
24534
14717
24221
21997
7233
10225
4703
980
21510
10967
1986
1547
23255
5712
7250
650
23644
20125
20286
9068
18672
1278
11645
166
15932
10090
20361
67
19568
14385
20242
822
21908
11232
19220
23512
400
12215
19440
16776
6917
19969
18128
18102
21146
13687
8133
7379
16052
10308
19887
8269
11008
15787
20180
18930
14394
18316
8355
12117
9554
9700
17941
1350
9712
17860
3698
9798
295
6064
12466
74
19974
2763
21409
820
21649
929
6470
18314
3948
7762
11557
11788
21306
24395
20924
1548
22892
18310
1509
4253
865
19651
24004
5268
5662
19083
17396
2513
6473
16197
14485
23743
11018
21946
22881
11900
18474
23156
21901
8155
17408
14530
113
2451
20976
13698
5612
3481
24922
4358
21219
5793
4081
11520
4444
8823
21885
6042
3044
6973
11465
23871
20703
19044
687
8798
16193
13765
19069
3781
17322
23441
4717
14961
20195
24321
3890
15233
8031
18961
22272
10589
1619
18801
5029
20801
6536
7229
19395
6653
13891
15910
11725
23809
12701
22016
2335
24207
4091
17219
11322
4967
9408
21350
8714
16415
2205
3947
9969
8487
3969
17588
17259
17106
17584
19475
13929
21910
19705
7917
10380
17096
1975
23588
212
5120
387
18722
23096
20897
17870
22550
4019
19641
5707
7434
19219
6915
20020
4925
10144
8259
10289
6461
1187
1267
21659
21082
3812
24645
6793
22903
3446
17347
14414
8455
4627
13512
5933
6720
23562
31
16593
1365
3941
12088
16291
8305
5256
15935
12116
3088
18006
16443
708
2445
17396
11573
11152
22496
15895
4798
19004
2003
952
14646
1520
16694
13753
8492
17873
22876
21327
1956
9729
22466
18344
10528
2400
23977
18628
17335
1290
14828
17239
21326
13021
15917
5965
8629
3405
12303
22021
11221
21130
8472
14064
18761
19479
3169
21356
9682
299
4300
1739
15684
13417
4987
20031
17755
21715
15499
12320
8515
21007
7883
4059
19649
21684
15963
14895
16464
21698
8109
12115
18938
20986
10433
23162
22823
18394
3233
19214
16351
439
24006
18518
18787
11925
1989
24829
19180
5218
19963
9535
6631
3523
4005
6527
18841
11543
8177
3749
15216
7039
6926
3902
18358
20102
6368
24750
11999
4513
3265
23078
6658
17067
22896
22554
23057
15085
13912
4128
18522
20395
14282
5288
24485
20838
18685
21041
4510
1123
22904
61
8710
16291
21487
8605
488
16712
14089
18604
15060
16434
11985
23786
2797
6441
8049
824
15719
20731
10832
10125
21012
14652
10206
13415
22287
9421
4267
17978
11314
19358
21202
14853
4769
16243
17045
15781
21336
7672
1368
6486
3408
6944
1003
2643
10327
2610
2337
3270
6535
5469
2193
22159
2451
21201
146
22421
22408
19622
21805
9993
22879
9125
11915
16102
22759
16304
6454
7906
2077
3913
15222
14636
11084
4263
18325
12908
12156
13101
24742
8903
3339
2689
16258
21537
13178
3746
17634
19497
10783
10378
10471
9858
23778
17954
15969
26
11036
13494
22354
12526
14439
17925
5867
12674
15936
16614
9964
5009
3657
6026
2733
4194
19972
7769
18968
5743
24797
12848
7695
18415
335
23180
15364
22148
10319
21841
24605
20385
15439
13169
17203
19574
2879
14063
2395
3900
14435
18272
21048
3551
10301
9898
13483
3386
17296
10503
9445
4245
9131
18060
4836
7191
23949
23261
23626
3769
7724
20243
6035
13468
12547
9220
8024
12680
21962
19812
12628
10264
16439
21761
20176
21985
12036
17397
12175
22306
17837
15374
1855
18375
587
542
18324
10785
840
904
11365
3527
1144
16972
10782
23553
13967
11269
7546
13954
12300
5052
2185
11796
19899
13230
13389
23183
16338
17626
21559
826
9967
9910
19634
19886
1991
9848
12223
23645
2082
12543
12769
187
24878
10470
10222
15090
8373
18277
2538
13368
15242
18008
5153
14896
17269
15321
21414
23718
23582
4034
10869
6700
13856
15748
5545
21434
10271
24215
359
11845
17351
12221
6179
13405
7118
13057
13208
17392
21847
8411
17559
24530
1331
11159
21547
11485
7385
24179
19210
15381
4305
5535
12098
19101
8936
2550
15806
18169
19644
20768
9657
23252
10267
11826
22727
4918
57
3593
17771
1709
24914
12270
17097
7911
5034
3394
6593
746
14793
2865
1872
19871
4777
20475
16759
4886
19291
13046
16519
1049
842
14820
23745
21668
6763
17740
21128
500
19259
3122
8614
3038
6394
12102
8146
20121
10846
9850
21391
5433
14598
23828
17430
21576
16040
810
15374
9635
23947
11790
2831
18574
13377
14382
14986
22539
9239
1090
20885
4362
3827
16621
20281
22262
18934
6695
22900
2628
12664
14013
19451
13994
17612
16409
1136
24606
9160
14036
4923
16272
3290
6086
6466
3166
4351
2099
18336
7370
19789
11506
4696
12244
2359
4911
11771
16041
18816
1889
16090
8454
16261
5037
8652
22816
11412
3675
1367
19030
12415
549
4757
15292
20017
10912
12720
2231
7008
15907
12917
13
24965
2964
10117
3043
10903
24518
9850
1878
3597
19454
11129
11067
12359
12627
16505
21971
1274
16613
17954
18013
10285
14179
10001
5590
16043
2596
9214
11809
22055
1780
6623
7467
3654
7539
24111
12615
7537
9805
13229
23314
8801
10527
83
1999
5592
22302
18740
9778
11608
11015
6373
22761
19492
10484
13972
24586
19413
13997
12376
16343
13208
20229
13352
5149
9073
15678
13597
5684
11482
4667
24727
21063
19758
24859
17458
11451
6349
23686
3089
16996
13789
1876
6672
15320
9518
11599
18297
12664
20907
4503
16936
23858
23448
6586
12568
4995
3719
13694
19190
24038
17584
15927
4207
24314
19937
9779
1138
9148
12560
23746
18618
24941
1287
22682
8501
8020
1068
20515
354
16449
6158
9963
23548
19122
8413
6243
22332
473
21305
2255
21252
23405
19659
11839
11154
8965
19755
23357
9676
5566
96
9279
24183
7583
16473
18035
22440
5958
12168
21492
19326
9471
12564
24496
17692
9482
10047
15873
11013
14668
20618
3216
21925
4584
4175
434
280
19899
24662
5672
5108
18169
14141
22135
18875
14624
1154
20316
11332
24882
11082
24707
9451
13081
14860
21596
22739
7728
3990
9030
8768
6408
5993
5365
3847
9643
10143
20083
1769
6245
8153
19802
12642
10615
10974
14199
3008
12116
20918
17834
1982
6095
2016
10915
21755
12829
2312
14905
14581
12375
14946
4443
11037
18853
15981
22247
13485
21180
19730
5667
23333
4345
17551
20380
14979
16929
12012
1956
5631
12511
5009
5448
1589
16560
2659
1304
21784
3082
20528
18246
21118
17646
10982
17935
4970
22836
19042
7968
6585
17292
15524
2099
8424
5675
24199
1602
17618
8077
22636
9121
18087
1056
16482
734
1874
18691
10913
14221
21906
5554
22130
14446
16302
12580
10948
22915
15942
7537
7271
11323
11918
12028
2439
11330
15592
3171
14033
13511
22441
10637
1612
4300
3744
2134
5079
4630
5532
20765
24345
19596
19883
5754
10035
11786
12642
10964
7665
18996
7988
24656
8731
4675
22204
17733
7759
23078
8904
17790
7294
13274
18755
7564
7479
13258
8544
18495
18023
21057
7548
17982
24022
4349
8798
22864
21137
19047
21431
1942
5113
3298
11958
20708
10514
3721
4465
11027
16387
23917
7375
11915
12474
23009
12141
2717
9018
17288
2830
24270
23481
5786
1925
12641
13432
6621
9561
17067
9257
24484
6567
2513
13620
10106
17442
8817
2943
19991
8966
1251
8127
5587
13645
17617
8150
21004
13027
21758
18598
6251
4375
16634
2510
5608
7460
21964
2411
13921
5840
8468
21208
3287
9628
7790
19455
3585
687
15142
3623
2333
15707
3498
6225
2628
20565
4937
18330
9654
15131
15133
16691
14617
10004
2241
3843
11790
3570
9608
19271
11806
14067
14268
5908
21981
24947
5224
1307
11709
22896
18531
24536
12635
23799
18479
402
20830
16919
3028
4989
21135
7630
15795
19486
20419
21792
18174
19422
1849
3496
17303
10340
6034
15609
22988
15094
16441
6735
427
4420
2680
10386
5411
8581
15089
12134
11034
15039
2529
20750
18538
8165
19551
5475
10039
12456
4565
23453
22321
13459
17837
20029
16586
18345
18025
9950
19537
12831
5119
1194
22876
2040
19654
14143
2920
140
5186
8220
3097
18026
20715
8802
24180
20637
7402
22962
7717
7196
9475
2061
21914
11250
15872
21297
23569
21631
19490
9452
9253
2979
19849
23172
18731
12319
22762
11087
17483
7512
3560
5593
23249
9479
4798
6115
9235
16858
21469
20766
17120
14070
19278
4210
5740
13362
1029
8818
1148
3376
12657
7900
20796
21218
21711
1471
422
20957
5990
14584
1509
17528
12634
2885
4885
5036
1008
10836
218
8650
23221
12828
10798
4656
9790
1136
18340
9545
17060
10125
9186
23459
10111
20765
17096
3998
10322
3589
22104
6121
20130
13928
4366
5035
14001
496
17699
22787
15203
17798
20185
5575
12992
15204
23484
17733
13742
24987
19801
13285
22434
12628
6212
18655
7156
21146
12470
14823
15776
15480
21123
12728
10808
2990
1915
16963
22754
1539
6723
15768
14370
13864
6948
9190
15754
15188
11826
4424
8148
11323
1247
2756
24389
7618
11350
11685
18244
16257
4136
20515
16509
22681
10170
11156
15744
20644
24109
14413
934
2149
7711
4915
12160
11148
3539
5639
15184
11706
17224
648
10051
13359
7941
9566
15857
11427
20225
5149
8547
231
5606
24734
3782
15029
7597
10205
3280
7115
15967
14087
24257
14207
5091
8266
22784
10797
5709
5533
14607
15045
2143
12516
12599
4473
17595
23006
3326
18276
20863
2127
23949
8433
18884
539
3615
2854
4842
13176
17011
20939
21622
23041
21531
1280
4406
113
1811
20596
17852
8130
12936
23786
6138
12890
8521
12339
14073
23108
310
23978
16802
20019
14367
8111
8756
19259
529
20825
6786
1636
24528
1574
4994
17754
7120
9567
19581
8708
23637
14422
2006
6726
4932
20357
1844
18202
18178
1787
6281
23824
4280
13374
8964
14375
19629
13682
11996
12789
1427
1828
11689
24816
16828
6947
74
14471
15638
18343
15927
4118
498
20758
15007
20227
7916
10818
4466
1044
5876
24475
3947
8409
2193
826
17000
21881
5217
20828
20501
9898
2356
2465
22657
16305
11623
21817
411
7708
4366
761
945
18111
2879
8664
1925
14206
20389
15395
13141
2953
8708
10148
14301
2756
21891
11887
15462
15664
13494
16534
13971
24776
3235
6942
8496
10558
3234
9920
1955
2325
17659
9905
5355
18444
11529
17562
6362
6103
18963
21960
12813
18066
9347
17670
17128
3424
14300
21759
22789
6296
7652
1421
9325
16887
9498
13247
5833
24966
18973
23778
16848
3486
3252
892
12022
9231
3031
2936
17531
16354
24510
18266
12407
20725
15398
15371
22001
14021
20195
10942
9192
3181
12267
11666
8771
7507
9896
24385
12709
21054
5712
14662
6946
6343
5805
23488
7704
18664
6844
16706
11296
8808
11586
3723
12914
11927
18029
13442
21457
9473
24335
14878
24157
15045
10905
3054
62
12476
18393
17343
23747
9496
16864
208
21203
10226
7869
13348
10697
15758
8612
12303
6071
24386
13842
8535
9684
20019
20237
1500
12374
24811
23729
196
16491
19414
1160
7000
7176
14723
15912
18579
14844
4786
20498
18679
3701
3017
8858
24889
590
4310
21009
4687
977
23414
7716
20112
1694
12524
16511
13733
6415
24160
18674
723
13831
14854
21205
16983
240
21207
18393
2627
12821
14801
23939
20238
3769
19304
22023
17168
21824
10947
19604
6075
12885
12645
22673
13126
4368
15552
17128
22022
15871
22278
18530
12466
13630
16879
21348
21719
19331
19594
23509
23059
10428
9620
24324
6550
6831
17221
21273
18213
7372
10956
15675
21452
3146
5509
13439
13986
19914
19683
834
17773
21849
17755
6989
4276
14670
13572
21622
21
8887
15663
11162
10661
22797
5710
20974
11472
23164
19017
14472
23297
5807
6044
4358
6491
5050
18543
2616
1089
24234
8427
14753
12323
24385
17047
9239
7714
20058
3783
6691
5512
20877
9304
21957
12857
22278
16553
4695
9775
18731
19065
10983
6770
4615
9025
22203
7353
23151
12320
10594
15995
18713
17211
9407
12506
21834
11217
8547
14048
17000
7674
16239
14494
10329
10474
5870
3152
11808
5515
24159
12593
16746
21944
14078
2192
13094
21890
22654
1698
865
22360
7697
11299
51
14112
12055
20024
8019
2297
14608
18209
3982
3311
23564
19058
5425
24663
18655
22055
3648
20600
17114
17166
21173
24830
15324
10542
20825
20238
4454
17586
24003
12558
5898
13115
6812
2079
15895
23591
23430
11074
4650
2588
11214
12253
16613
2595
6506
8209
5196
13442
14964
4361
19656
24907
6833
18865
8182
21918
11042
23204
6560
24990
8311
3048
4070
20645
22464
10932
12852
22635
15856
7519
11393
11837
18417
22638
23543
19878
1986
9931
7316
17355
14893
23675
4730
8478
7805
16616
5488
9480
9374
11541
17354
11955
10498
738
18228
8675
7134
15159
24796
8303
20301
17403
20401
23343
7064
24632
8046
1880
3753
23066
7827
21143
3209
8496
2724
24904
5971
24801
14731
6251
1168
12713
13058
19092
5927
22412
20966
13262
11105
15690
14209
19672
23114
4254
16074
24472
22297
1740
9447
23201
16965
21385
5930
9020
24897
12320
22597
19733
6234
16000
21245
9520
24510
18456
4571
420
12936
5052
14323
24976
7610
3807
18401
20630
640
49
1463
8723
19049
5503
3811
21001
2039
5563
11974
19155
2389
2936
24477
16389
22074
3523
13109
4442
10184
4076
11077
8039
10758
17275
74
24394
19512
15481
12576
12387
22172
18023
17607
24232
21513
13330
20466
1752
15745
6718
1656
18254
683
3953
8896
23164
15191
13979
7129
20512
6598
19067
3909
15696
7372
6247
12524
611
9648
14428
9495
8678
13490
24295
17592
11297
12393
285
3093
15864
20408
11822
10545
9958
24058
803
3474
4808
7683
3961
10481
15437
6355
9458
8225
11018
8130
21535
17201
6094
23258
5466
6761
23261
2249
20778
16960
17591
790
21512
4461
9126
15098
8971
16315
4752
4021
9288
8753
3764
19486
19658
12145
13260
22303
5531
5279
16087
10309
7263
18375
18687
595
5514
9227
16774
3173
8816
1147
24770
7371
24810
11415
10846
7863
11736
5472
14258
3710
13835
17229
1659
19824
15196
9489
6862
7619
24477
16020
18173
2288
21792
5097
6234
14432
11877
23661
20397
10594
4509
5105
22591
9442
8499
15228
19893
23746
7095
9443
21453
1437
2328
20446
22163
8457
19774
15324
4196
17228
16236
10384
13744
3521
1801
11219
7028
11645
14322
15623
21963
5108
4221
20494
553
16408
21661
22019
15224
13256
21384
8781
17002
8747
21516
15086
2524
6524
31
9212
1287
24954
19234
24588
17292
7759
3915
3931
3184
5772
8221
24873
13107
18199
2301
13509
14139
24641
6730
7697
24232
16812
2587
13472
15414
10105
7102
16654
19873
12626
11933
13162
14234
19056
6919
20317
5966
11574
19876
376
1897
3029
11904
8196
17407
18641
2096
22618
24162
11574
6808
9889
16084
3824
9336
9712
22630
7353
3651
18506
3034
24022
2487
4111
10391
22840
18925
1622
12268
20937
5414
23088
1580
23249
21099
15933
9966
11422
20434
7220
12479
13327
16903
23635
23177
10753
21951
14104
10374
8073
14599
346
5638
6656
11197
18529
22874
10740
17348
21518
23280
23092
22945
22156
24142
10095
9916
17963
17454
16250
3306
16882
18700
13793
17659
22252
16787
20889
13458
17070
12338
21337
11899
22605
24257
21629
9121
7841
11088
13872
21865
20156
15857
242
9627
4429
24378
8619
10181
3097
4448
12598
14574
3709
4399
13838
15698
18970
1105
19200
17728
2252
22845
12386
20076
8119
151
12341
5093
3475
19386
20794
1560
17946
4393
2661
19654
9640
9762
22655
19731
8562
18100
2285
13732
902
15707
3444
475
7836
3777
16884
9465
23588
24331
10403
15667
21574
23890
11352
13655
22830
17690
19897
14853
19578
8853
13739
14408
13417
1344
3049
23886
11489
8145
22029
17523
16775
12849
22754
17369
17765
21348
15726
9909
23691
23729
7370
5800
4176
17884
9599
8558
6102
13774
14095
11478
16204
20808
22579
17614
22891
18434
21770
6560
10282
12506
15280
1523
747
24043
16624
17959
21334
5298
13364
21596
13892
19057
13228
18160
22572
20417
23115
1841
16549
13618
24407
3049
12550
6140
2839
21727
21281
16156
8562
19885
8784
1664
12605
121
947
8336
24390
15707
3638
1770
15737
18724
6920
12188
2588
11763
12839
22634
15569
22411
12148
14928
3433
15760
9466
1156
10564
16290
23245
14577
22099
22635
24219
14526
10195
6246
10654
9965
7971
6310
15095
4613
3397
13400
452
6331
5284
13579
23807
8603
20898
22341
15037
19109
20294
1400
7395
17445
7290
14519
20662
13193
6900
15583
434
2138
18579
2225
18441
19836
17514
23503
14506
5449
7276
931
16852
16780
13134
5837
18584
10308
9505
17889
20611
6730
6635
17843
4641
24895
23020
21963
11400
16096
22460
12297
23077
14443
10612
3540
20901
10171
20388
6401
16942
12147
22353
17331
12861
3670
19493
21572
794
23202
14367
6658
18620
13287
18461
4036
23859
10913
18878
19520
2922
1708
13084
4057
19325
21808
4194
8119
128
12126
4690
4808
17266
18887
23941
17041
20631
5300
14182
17266
9991
8635
5703
17347
17853
17160
10290
14760
6077
9194
23230
20365
18633
13055
6176
9555
16930
22666
585
23805
22138
20579
4448
13838
18354
4155
13268
21094
1315
886
2413
2610
12794
2649
6707
18300
21793
843
5269
22346
10342
18452
22898
1227
12804
1191
5301
13105
9746
917
6822
24265
24594
2396
17615
7303
71
3330
4576
3092
12494
15572
6897
8578
19718
4010
15127
14878
17536
16356
217
15591
5783
18583
1367
6823
12301
17542
5827
21553
9042
11671
15401
23031
8674
18200
19981
18486
19021
1542
24758
21742
15689
724
24855
23338
15334
20835
11529
1677
8208
12113
938
20239
9736
18306
694
21682
16260
13148
20965
14698
22272
17190
11929
2401
18656
4806
15562
6034
7897
17734
13740
17934
16378
24905
7607
21916
655
4660
12254
6642
4266
14360
453
7361
12343
5164
22249
357
5383
15589
17085
23510
4165
2222
21003
9702
22335
11531
19102
21326
232
7631
10246
24082
7667
2939
1445
19690
11027
13688
18018
13656
17889
4151
7985
6231
14648
11250
2121
14560
3188
2411
8055
15689
10301
17274
21655
23549
4386
3613
13354
2895
9840
5929
18003
10837
5075
17197
993
6534
7920
23735
24384
16128
7234
12271
22584
8031
6431
11646
4767
17807
23015
20290
21775
15403
24940
16189
9164
19392
13617
13535
19862
9421
21118
13931
22429
7003
24745
12646
24686
7925
5749
15695
5942
16831
24244
148
17928
15733
2068
23388
17417
13460
11386
9020
9597
3495
16258
14396
1280
2232
2921
7407
5387
7560
8391
2589
16788
15611
21383
13531
20955
8476
24019
15771
13752
16429
1510
6924
3523
3133
7835
17157
18371
6253
8719
3495
15259
22471
12836
17839
54
12882
3932
2060
24056
2181
2404
7122
13730
18371
20667
11005
24779
24301
8020
17561
19818
22892
478
23656
15962
5937
6971
22539
242
5946
362
2175
22503
15717
11080
9569
11180
11767
10083
17882
6426
16695
18311
19180
14219
18956
12146
5442
19782
15405
1323
8951
12647
18503
4784
2626
5591
19389
23661
166
17304
6797
19534
22524
559
17412
11428
5582
24052
12764
5968
21813
20859
6730
4900
1492
16015
6815
3001
22092
19225
9997
8695
16245
19969
18109
12193
21224
17918
9464
22778
19439
24869
16026
12304
12780
16542
23156
12605
19932
559
199
13076
10687
11186
9611
8847
7904
8154
2001
1147
9852
15913
7021
22553
17544
11445
7926
24778
13366
17362
20598
13566
14484
7319
18536
18755
9972
5315
14853
9211
10776
6478
16830
17085
19519
6534
13301
12127
22717
17716
16519
22712
15610
5492
15940
20978
7433
23768
3127
6165
16791
22827
13857
24072
15897
22071
3145
18197
650
9620
2861
5101
894
13689
17452
23522
20613
10266
15035
3826
13376
24653
14354
18963
24903
1543
11403
16746
9207
8762
243
14001
20856
24697
5551
20561
7971
21055
4113
23317
19752
19618
15827
15623
15282
2819
9838
7579
11803
4326
15537
8013
1990
16855
4706
20974
14606
22769
4055
23692
13579
8266
18074
6787
11734
14577
17970
70
23557
10152
730
9134
6114
9933
21041
19211
11622
17658
17639
11715
8561
21288
12853
5272
