10747
834
11818
11220
7385
2278
6314
6599
14887
14682
23009
5420
4700
7563
4291
15769
13755
11548
20421
7995
846
20968
18842
3077
20520
2830
5689
747
2978
22417
8202
12756
8123
19970
23101
14773
17927
12101
18721
21565
9844
9552
6616
14334
5758
21556
8667
5711
24428
18474
9154
19372
8528
15806
15579
19974
1281
15909
24353
18526
14080
22596
19384
5267
22435
15242
19628
13099
22088
2890
18038
4679
24030
19152
18577
2889
10097
2786
18118
1360
488
943
4781
19509
1876
17519
23510
8223
2352
1607
654
11197
6587
8536
14684
22436
24309
15987
20318
24011
