12198
11024
17909
19544
9012
19076
4544
2412
5729
3127
6113
1145
7953
1188
9613
9625
11094
217
22041
3142
17326
14704
20766
8282
21514
19173
19595
21253
5235
24254
23530
6578
11157
14411
19364
7300
11407
3314
3078
12216
15053
17253
2681
10590
4313
12339
13844
20962
11632
4969
15803
12677
11275
16373
21886
21896
4017
23302
22526
19300
20105
1078
9979
13196
7649
19882
8753
7005
20685
6850
6227
22072
14186
12392
14315
16757
10255
7157
2561
24497
13745
13326
13734
13197
13243
13219
2064
14781
5145
12092
19222
22566
9116
23031
9911
23060
6213
12343
18730
8779
