2952
1560
13746
23714
4296
14329
24640
23002
12785
15630
4649
11819
21426
7296
24166
5938
20082
18038
24856
757
22714
4122
5116
24054
11871
17566
15145
12999
14352
17973
6434
24025
22497
6524
10931
4461
10537
10310
7325
16285
8530
9344
22914
2917
7196
6150
11072
8753
9796
3938
8639
13474
938
2004
16822
4419
6509
21706
16016
23393
11893
21293
23213
5980
13820
24639
22690
21683
13729
18677
15288
1438
22853
18943
3382
3656
8842
14666
14728
14072
3421
18367
24127
24810
19505
10414
21128
21537
617
24013
13231
22098
12870
11535
6976
6387
2897
1396
24378
7495
